00110000
00110000
00110000
00101110
00110000
00110000
00100000
01010011
01010100
01001111
01010000
01010111
01000001
01010100
01000011
01001000
00100000
00100000
00100000
01001001
01101110
01100011
01110010
01100101
01101101
01100101
01101110
01110100
01100101
01100100
00100000
00100000
00100000
00100000
01000101
01010110
01000101
01010010
01011001
00100000
00101010
00110001
00110000
00101010
00100000
01001101
01010011
00100000
01111110
01010110
01100101
01110010
01101001
01101100
01101111
01100111
00100000
01101001
01110011
00100000
01100110
01110101
01101110
01111110
